position_h,position_v,action_h,action_v,value
3,0,-1,-1,-15.399651764015438
3,0,-1,0,-15.140290362135076
3,0,-1,1,-14.385876510834372
3,0,0,-1,-14.965211896734319
3,0,0,1,-15.126316366995491
3,0,1,-1,-15.169042823451278
3,0,1,0,-15.557734951710131
3,0,1,1,-13.011958339046926
2,0,-1,-1,-15.944344295977071
2,0,-1,0,-17.011796124452246
2,0,-1,1,-15.995510070773083
2,0,0,-1,-16.115212956704212
2,0,0,1,-14.026117782036259
2,0,1,-1,-16.253388106384214
2,0,1,0,-16.43713838777297
2,0,1,1,-14.803055345519049
1,0,-1,-1,-17.33376351122802
1,0,-1,0,-16.91464023125301
1,0,-1,1,-17.624930447298595
1,0,0,-1,-16.850464336803856
1,0,0,1,-16.513353243199564
1,0,1,-1,-16.556383252741202
1,0,1,0,-16.390202766505
1,0,1,1,-13.763406404239838
0,0,-1,-1,-17.09019698742584
0,0,-1,0,-17.509380987045965
0,0,-1,1,-16.86478678576806
0,0,0,-1,-17.2710739155681
0,0,0,1,-16.797643219650734
0,0,1,-1,-17.068458505665
0,0,1,0,-16.982529603675395
0,0,1,1,-15.695076052499177
0,1,-1,-1,-16.26503872001735
0,1,-1,0,-17.44728881213544
0,1,-1,1,-17.309930171875617
0,1,0,-1,-17.055099972077976
0,1,0,1,-16.88625019383378
0,1,1,-1,-16.772397324677
0,1,1,0,-17.118404306770476
0,1,1,1,-16.827706230075222
1,1,-1,-1,-16.26497825935322
1,1,-1,0,-17.25664524191138
1,1,-1,1,-17.553973688331062
1,1,0,-1,-16.04090985666223
1,1,0,1,-16.00830283979078
1,1,1,-1,-16.008669515895743
1,1,1,0,-13.454116017753938
1,1,1,1,-15.822998609429323
0,2,-1,-1,-17.112000920905537
0,2,-1,0,-17.354615160498376
0,2,-1,1,-17.320080071651823
0,2,0,-1,-17.045488908307803
0,2,0,1,-16.198441361232064
0,2,1,-1,-17.109776531222828
0,2,1,0,-17.047710471153348
0,2,1,1,-14.568863739192938
0,3,-1,-1,-15.271753819845253
0,3,-1,0,-17.366002306175908
0,3,-1,1,-17.047937786582423
0,3,0,-1,-16.27269683185414
0,3,0,1,-15.904335155604144
0,3,1,-1,-15.541237866520747
0,3,1,0,-16.774074059479823
0,3,1,1,-16.096022208815384
2,2,-1,-1,-16.123862082962354
2,2,-1,0,-15.659952244212949
2,2,-1,1,-14.984188895579663
2,2,0,-1,-15.602123543124481
2,2,0,1,-14.424759607551355
2,2,1,-1,-15.113063539469753
2,2,1,0,-14.041606714226626
2,2,1,1,-14.228619375693915
0,4,-1,-1,-16.89287380352447
0,4,-1,0,-17.059698722690833
0,4,-1,1,-16.05867671562868
0,4,0,-1,-16.388354375065035
0,4,0,1,-14.690883140137792
0,4,1,-1,-16.133453744588284
0,4,1,0,-15.748204756652333
0,4,1,1,-15.703574000024942
1,2,-1,-1,-17.24960304485721
1,2,-1,0,-15.808277901233236
1,2,-1,1,-16.41328488220674
1,2,0,-1,-16.153529432502065
1,2,0,1,-14.031165999032291
1,2,1,-1,-14.715202966550933
1,2,1,0,-15.690309969651409
1,2,1,1,-15.512785273064678
0,5,-1,-1,-15.95829288152713
0,5,-1,0,-15.206926133434845
0,5,-1,1,-14.323091995813213
0,5,0,-1,-15.646819786614849
0,5,0,1,-12.923342144413532
0,5,1,-1,-14.349462581663664
0,5,1,0,-14.458106531150435
0,5,1,1,-14.551815646280534
1,3,-1,-1,-16.767472021784542
1,3,-1,0,-16.055552922914806
1,3,-1,1,-15.57369083462254
1,3,0,-1,-15.721916648059267
1,3,0,1,-14.035104256802217
1,3,1,-1,-15.359021364528186
1,3,1,0,-15.516262262963192
1,3,1,1,-12.704580101554978
0,6,-1,-1,-14.667817334967433
0,6,-1,0,-14.899228651373178
0,6,-1,1,-13.882813484497795
0,6,0,-1,-14.567636673815365
0,6,0,1,-13.152539598491277
0,6,1,-1,-14.454343677914483
0,6,1,0,-13.908203448973836
0,6,1,1,-12.024460909160672
0,7,-1,-1,-15.013949972232226
0,7,-1,0,-13.670340000701554
0,7,-1,1,-13.254419502802307
0,7,0,-1,-13.920403787786379
0,7,0,1,-13.033530090206465
0,7,1,-1,-13.922954371834756
0,7,1,0,-13.354019399794018
0,7,1,1,-13.145257095186206
1,4,-1,-1,-16.40648416962801
1,4,-1,0,-15.365509789972887
1,4,-1,1,-14.994489086512544
1,4,0,-1,-14.647363131258642
1,4,0,1,-15.668220844381938
1,4,1,-1,-15.509599072940512
1,4,1,0,-14.444580930324125
1,4,1,1,-12.927963054905353
3,1,-1,-1,-16.66287841881843
3,1,-1,0,-14.918642057788718
3,1,-1,1,-14.739821087735677
3,1,0,-1,-15.670232434885154
3,1,0,1,-14.434901776725244
3,1,1,-1,-14.785177636768477
3,1,1,0,-14.243250798491829
3,1,1,1,-14.84861594055532
2,1,-1,-1,-15.256555331293441
2,1,-1,0,-15.03818588813882
2,1,-1,1,-14.730347256776888
2,1,0,-1,-16.018635269114675
2,1,0,1,-14.429880294650278
2,1,1,-1,-15.40396736750158
2,1,1,0,-14.512027082361975
2,1,1,1,-12.567024756706743
0,8,-1,-1,-12.830270391536246
0,8,-1,0,-12.645493795412687
0,8,-1,1,-13.032257290731952
0,8,0,-1,-12.644007780888428
0,8,0,1,-12.82396931442121
0,8,1,-1,-13.47272309670863
0,8,1,0,-13.310066286155127
0,8,1,1,-12.643972935686573
0,9,-1,-1,-12.100109695189534
0,9,-1,0,-12.536140724390302
0,9,-1,1,-12.693872162225018
0,9,0,-1,-12.446279765230251
0,9,0,1,-12.372573735930779
0,9,1,-1,-12.149680028286138
0,9,1,0,-11.998208086608958
0,9,1,1,-11.802210201786963
2,3,-1,-1,-15.301420699904922
2,3,-1,0,-14.779733132170408
2,3,-1,1,-15.55511812409934
2,3,0,-1,-16.226469478633764
2,3,0,1,-12.96402050541799
2,3,1,-1,-14.84347756661586
2,3,1,0,-15.511485794970124
2,3,1,1,-15.099643161515889
1,7,-1,-1,-13.444810449220576
1,7,-1,0,-13.447694746557492
1,7,-1,1,-13.03718980740225
1,7,0,-1,-13.260449141435684
1,7,0,1,-12.910588613810841
1,7,1,-1,-13.096659374035667
1,7,1,0,-13.09667985259312
1,7,1,1,-12.839127888237513
4,0,-1,-1,-15.850147428525672
4,0,-1,0,-14.627356036716975
4,0,-1,1,-14.483964984452445
4,0,0,-1,-15.386995066915041
4,0,0,1,-14.5499052728777
4,0,1,-1,-15.765132887703246
4,0,1,0,-15.371571400940187
4,0,1,1,-14.579058853271476
4,1,-1,-1,-15.201066695459179
4,1,-1,0,-14.322713624883848
4,1,-1,1,-13.773056053293931
4,1,0,-1,-14.280214751194162
4,1,0,1,-11.815518485789902
4,1,1,-1,-14.774148477807838
4,1,1,0,-14.352060805507438
4,1,1,1,-14.030012645519324
3,2,-1,-1,-14.835929847014432
3,2,-1,0,-14.6377865353231
3,2,-1,1,-14.484831088142935
3,2,0,-1,-13.427602005227689
3,2,0,1,-13.43832609659453
3,2,1,-1,-13.644454861839856
3,2,1,0,-12.967043529257737
3,2,1,1,-10.954462562854033
3,3,-1,-1,-14.405552075365865
3,3,-1,0,-14.522223753328309
3,3,-1,1,-14.257329649734046
3,3,0,-1,-14.198033257259887
3,3,0,1,-14.101166117989203
3,3,1,-1,-12.499050769564406
3,3,1,0,-13.439889390972056
3,3,1,1,-14.043026971555264
5,0,-1,-1,-15.84740044206758
5,0,-1,0,-14.76611464419335
5,0,-1,1,-15.522519312489676
5,0,0,-1,-15.223837496450997
5,0,0,1,-12.812836168175096
5,0,1,-1,-14.706095156501238
5,0,1,0,-15.217960265743201
5,0,1,1,-14.154749818097144
1,5,-1,-1,-14.944099093445077
1,5,-1,0,-13.954548839469323
1,5,-1,1,-14.74507149046438
1,5,0,-1,-14.973896450399888
1,5,0,1,-13.511934271082943
1,5,1,-1,-14.237846857712494
1,5,1,0,-13.909973530014348
1,5,1,1,-14.174599739014548
1,6,-1,-1,-15.711557963936954
1,6,-1,0,-13.097093011655733
1,6,-1,1,-13.109933124960673
1,6,0,-1,-13.69003865506691
1,6,0,1,-13.2946319471295
1,6,1,-1,-13.84266032930389
1,6,1,0,-13.905680717989306
1,6,1,1,-13.317649590029008
1,8,-1,-1,-12.02434913559664
1,8,-1,0,-12.414955755256864
1,8,-1,1,-12.33063453075805
1,8,0,-1,-12.41090730491726
1,8,0,1,-11.897469441111886
1,8,1,-1,-12.172003986432756
1,8,1,0,-11.682021417761435
1,8,1,1,-12.12878301677106
1,9,-1,-1,-11.738880407784807
1,9,-1,0,-11.650554669635639
1,9,-1,1,-12.136276958165405
1,9,0,-1,-11.925819136501634
1,9,0,1,-11.365251269399774
1,9,1,-1,-12.08181268270178
1,9,1,0,-10.113951238100071
1,9,1,1,-11.217470793113892
5,1,-1,-1,-16.34483585436804
4,2,-1,-1,-14.946281245831885
4,2,-1,0,-13.685685271251065
4,2,-1,1,-12.880168706203637
4,2,0,-1,-14.21259585100681
4,2,0,1,-12.667016926356395
4,2,1,-1,-12.897245319721458
4,2,1,0,-11.400940583174668
4,2,1,1,-10.696385623804996
2,4,-1,-1,-15.626876164776496
2,4,-1,0,-17.348313396000503
2,4,-1,1,-14.47373162630278
2,4,0,-1,-14.027023325373225
2,4,0,1,-12.64508438594067
2,4,1,-1,-13.710539702254971
2,4,1,0,-14.170312203847185
2,4,1,1,-10.966886601517892
2,5,-1,-1,-15.804876549400207
2,5,-1,0,-13.752418941811424
2,5,-1,1,-13.421410522988191
2,5,0,-1,-13.54648705313506
2,5,0,1,-13.285367072038607
2,5,1,-1,-13.322802528715115
2,5,1,0,-13.311013775415464
2,5,1,1,-10.504565790479278
3,4,-1,-1,-13.923056244066384
3,4,-1,0,-14.42900246960663
3,4,-1,1,-12.580902890021008
3,4,0,-1,-14.19194348981387
3,4,0,1,-11.675476303757371
3,4,1,-1,-12.624186750749864
3,4,1,0,-12.585196968100623
3,4,1,1,-9.077197511690681
2,8,-1,-1,-12.838699752230017
2,8,-1,0,-11.62023183584758
2,8,-1,1,-11.605338289057856
2,8,0,-1,-11.796556204913026
2,8,0,1,-11.44079366338255
2,8,1,-1,-10.920008170130064
2,8,1,0,-10.779756197369164
2,8,1,1,-10.930351484363833
2,7,-1,-1,-13.355255704046542
2,7,-1,0,-12.896093707363832
2,7,-1,1,-12.027128068819577
2,7,0,-1,-12.435988169503915
2,7,0,1,-12.498082859253957
2,7,1,-1,-13.153129482307492
2,7,1,0,-11.69018691815041
2,7,1,1,-11.94968655961944
4,3,-1,-1,-14.958620755532861
4,3,-1,0,-13.175501349688208
4,3,-1,1,-12.056918020898115
4,3,0,-1,-12.90171566336135
4,3,0,1,-12.703009330750781
4,3,1,-1,-12.768992143949287
4,3,1,0,-12.391074737836185
4,3,1,1,-9.82835230896549
5,1,-1,0,-14.835740105377539
5,1,-1,1,-13.025487911146449
5,1,0,-1,-14.764895863931667
5,1,0,1,-14.729153487208645
5,1,1,-1,-14.862232257240123
5,1,1,0,-15.576151285674069
5,1,1,1,-13.607663508814756
5,2,-1,-1,-14.687783160719697
5,2,-1,0,-13.15436307945535
5,2,-1,1,-13.002820080307623
5,2,0,-1,-13.677627514015047
5,2,0,1,-13.566920596699374
5,2,1,-1,-14.382947945909923
5,2,1,0,-13.143535178629001
5,2,1,1,-9.983808937546
2,6,-1,-1,-13.481731310147833
2,6,-1,0,-13.090354645192587
2,6,-1,1,-13.372528093446164
2,6,0,-1,-14.869195723006534
2,6,0,1,-12.676572453511522
2,6,1,-1,-13.73924238779692
2,6,1,0,-13.16827129860105
2,6,1,1,-12.932620227721586
2,9,-1,-1,-11.307188348762514
2,9,-1,0,-11.051644830766175
2,9,-1,1,-11.104474945308777
2,9,0,-1,-10.897932691946565
2,9,0,1,-10.893255441240466
2,9,1,-1,-10.49249904350695
2,9,1,0,-10.552145058630781
2,9,1,1,-9.189171370104312
3,5,-1,-1,-12.024600653635469
3,5,-1,0,-12.928586717313188
3,5,-1,1,-12.502100151217705
3,5,0,-1,-12.306689646345255
3,5,0,1,-11.280482167654759
3,5,1,-1,-12.129836894896277
3,5,1,0,-12.58108502660712
3,5,1,1,-12.775923480434264
6,0,-1,-1,-15.084883517539543
6,0,-1,0,-16.109022590936775
6,0,-1,1,-13.442101654768798
6,0,0,-1,-14.608878599921656
6,0,0,1,-14.46643080575587
6,0,1,-1,-15.620884190391564
6,0,1,0,-15.143528395903928
6,0,1,1,-15.368904898516593
6,1,-1,-1,-15.29978943320441
6,1,-1,0,-13.923089072604476
6,1,-1,1,-14.562369764927098
6,1,0,-1,-14.900041402717214
6,1,0,1,-12.616055534572705
6,1,1,-1,-14.782693038457612
6,1,1,0,-14.38013094786762
6,1,1,1,-14.563580355724502
5,3,-1,-1,-13.26534763448701
5,3,-1,0,-12.837291818747488
5,3,-1,1,-12.529215953820007
5,3,0,-1,-13.034732426714697
5,3,0,1,-12.250555940509656
5,3,1,-1,-11.759364111159375
5,3,1,0,-12.001880494087995
5,3,1,1,-9.903356576492559
6,2,-1,-1,-14.88487825486511
6,2,-1,0,-13.570967830766149
6,2,-1,1,-11.23975518087927
6,2,0,-1,-13.729007162728957
6,2,0,1,-13.629361441957137
6,2,1,-1,-14.715883746491421
6,2,1,0,-14.192671404293295
6,2,1,1,-13.716947259214088
4,4,-1,-1,-13.767134019786521
4,4,-1,0,-13.540227120607202
4,4,-1,1,-11.48588627274504
4,4,0,-1,-13.545246383286216
4,4,0,1,-11.986858350055918
4,4,1,-1,-12.068663720525937
4,4,1,0,-9.322767623322914
4,4,1,1,-10.869903781933658
3,6,-1,-1,-13.384758608066974
3,6,-1,0,-11.80042753965638
3,6,-1,1,-12.455500455762062
3,6,0,-1,-13.097031694559835
3,6,0,1,-12.847454108359114
3,6,1,-1,-8.337551634955307
3,6,1,0,-12.096687307827965
3,6,1,1,-11.571701825155566
5,4,-1,-1,-11.351692475433238
5,4,-1,0,-11.199161911510538
5,4,-1,1,-10.327876301039115
5,4,0,-1,-10.523068579382127
5,4,0,1,-10.564515537137474
5,4,1,-1,-11.32783579348542
5,4,1,0,-10.557668849086099
5,4,1,1,-10.528400201249429
3,8,-1,-1,-11.00260820609049
3,8,-1,0,-10.347678603076716
3,8,-1,1,-10.064879111112091
3,8,0,-1,-10.822112538100539
3,8,0,1,-9.951599203494766
3,8,1,-1,-10.397600775964762
3,8,1,0,-8.872275847439791
3,8,1,1,-10.160475550624685
6,3,-1,-1,-13.575141936624163
6,3,-1,0,-12.283379212622256
6,3,-1,1,-10.83911996373323
6,3,0,-1,-12.910526208377696
6,3,0,1,-8.795602303322788
6,3,1,-1,-12.885715437321748
6,3,1,0,-12.631480760248877
6,3,1,1,-11.163521312832103
3,9,-1,-1,-9.931186067056803
3,9,-1,0,-9.81951332998904
3,9,-1,1,-10.230179801155927
3,9,0,-1,-9.876639853013858
3,9,0,1,-10.279392973417487
3,9,1,-1,-10.011190640586499
3,9,1,0,-8.712496745656571
3,9,1,1,-10.043404944783779
3,7,-1,-1,0.0
3,7,-1,0,0.0
3,7,-1,1,0.0
3,7,0,-1,0.0
3,7,0,1,0.0
3,7,1,-1,0.0
3,7,1,0,0.0
3,7,1,1,0.0
4,7,-1,-1,-11.541664362979702
4,7,-1,0,-12.58486337624134
4,7,-1,1,-10.13849222457695
4,7,0,-1,-12.594286145204565
4,7,0,1,-9.876161339389233
4,7,1,-1,-8.84591389451418
4,7,1,0,-4.409081064648631
4,7,1,1,-9.472065106054703
4,5,-1,-1,-12.036381713664861
4,5,-1,0,-11.750167933978076
4,5,-1,1,-9.9857660019573
4,5,0,-1,-12.159507098949355
4,5,0,1,-10.618853650250529
4,5,1,-1,-10.760716187071427
4,5,1,0,-9.990620291649568
4,5,1,1,-4.115316976589525
4,8,-1,-1,-10.190751491019874
4,8,-1,0,-9.324549472566293
4,8,-1,1,-9.79123505625465
4,8,0,-1,-9.8588629338697
4,8,0,1,-10.201658856772031
4,8,1,-1,-9.812735764498566
4,8,1,0,-9.07134684598389
4,8,1,1,-9.590619241666898
4,6,-1,-1,-12.27051968206366
4,6,-1,0,-12.25373209574431
4,6,-1,1,-10.985086962069243
4,6,0,-1,-10.546995931283146
4,6,0,1,-9.501195208865457
4,6,1,-1,-9.703804148714635
4,6,1,0,-9.929632814535971
4,6,1,1,-2.8532308089852063
6,4,-1,-1,-12.343104735787799
6,4,-1,0,-11.112584231562739
6,4,-1,1,-10.406195563486433
6,4,0,-1,-12.020863091891002
6,4,0,1,-11.37510934202711
6,4,1,-1,-10.888475108006249
6,4,1,0,-10.829806147851446
6,4,1,1,-6.251525547116863
5,5,-1,-1,-11.564390441921013
5,5,-1,0,-11.105624746886892
5,5,-1,1,-11.218064573568626
5,5,0,-1,-10.815626507939676
5,5,0,1,-7.695809087271609
5,5,1,-1,-10.578081706718036
5,5,1,0,-10.322999204637238
5,5,1,1,-10.563228848457413
4,9,-1,-1,-9.767875305750032
4,9,-1,0,-10.51559390979377
4,9,-1,1,-9.773585267655378
4,9,0,-1,-8.103520864436849
4,9,0,1,-8.130583837630805
4,9,1,-1,-11.182904587386393
4,9,1,0,-9.676339291705073
4,9,1,1,-11.000116220506147
5,9,-1,-1,-10.214087608877188
5,9,-1,0,-10.584228646200717
5,9,-1,1,-10.779369708580592
5,9,0,-1,-10.182804287828061
5,9,0,1,-11.423100128550997
5,9,1,-1,-11.090235393843784
5,9,1,0,-7.702455914158504
5,9,1,1,-10.78261869856852
5,8,-1,-1,-8.405543392064068
5,8,-1,0,-8.837100325785542
5,8,-1,1,-8.771637922571225
5,8,0,-1,-8.373881340538189
5,8,0,1,-8.653382870095777
5,8,1,-1,-9.534910762325424
5,8,1,0,-9.08317668780468
5,8,1,1,-9.074891589737774
5,7,-1,-1,-8.898761708172184
5,7,-1,0,-11.457754777223776
5,7,-1,1,-9.57555447791622
5,7,0,-1,-9.813033612113053
5,7,0,1,-8.94153040595975
5,7,1,-1,-9.07537386465847
5,7,1,0,-8.11594436072463
5,7,1,1,-8.02547063656786
6,5,-1,-1,-11.969458525313186
6,5,-1,0,-11.155116674455813
6,5,-1,1,-11.077172003438534
6,5,0,-1,-9.97588509470828
6,5,0,1,-4.305094595412988
6,5,1,-1,-11.274714915341209
6,5,1,0,-10.052053302482282
6,5,1,1,-8.775660809976415
6,6,-1,-1,-10.613532693253392
6,6,-1,0,-10.1771179493103
6,6,-1,1,-4.400027549416488
6,6,0,-1,-11.259939271132955
6,6,0,1,-5.925454141380393
6,6,1,-1,-9.498765020914455
6,6,1,0,-10.551444066857911
6,6,1,1,-9.917781488318917
5,6,-1,-1,-9.948630343152024
5,6,-1,0,-11.719966442939556
5,6,-1,1,-10.74941240557986
5,6,0,-1,-9.40496368407889
5,6,0,1,-5.199596218506628
5,6,1,-1,-9.027436547576869
5,6,1,0,-8.284774370091487
5,6,1,1,-9.605917609958425
6,7,-1,-1,-10.28273747794232
6,7,-1,0,-10.30720678231923
6,7,-1,1,-11.083204704964093
6,7,0,-1,-10.652715726063816
6,7,0,1,-5.775293693126809
6,7,1,-1,-10.546896710695748
6,7,1,0,-7.7186671240890385
6,7,1,1,-11.052385152559243
6,8,-1,-1,-8.25635747814697
6,8,-1,0,-7.329023290220009
6,8,-1,1,-10.87267752597294
6,8,0,-1,-10.37808412271415
6,8,0,1,-8.94247652730342
6,8,1,-1,-10.8289077383123
6,8,1,0,-8.803938806135132
6,8,1,1,-11.014221867843466
6,9,-1,-1,-7.019899463472112
6,9,-1,0,-10.205354851369368
6,9,-1,1,-11.242580021018021
6,9,0,-1,-11.573351065807952
6,9,0,1,-12.205688204145059
6,9,1,-1,-11.584567123530444
6,9,1,0,-8.060129523219723
6,9,1,1,-10.223602849245392
